673888555515001,673888555515210,673888555515211,673888555515212,673888555515367,673888555515371,673888555515372,673888555515373,673888555515374,673888555515701,673888555515702,673888555515703,673888555515704,673888555515705,673888555515706,673888555515707,673888555515708,673888555515709,673888555515710
673888555518000,673888555518001,673888555518002,673888555518003,673888555518004,673888555518010,673888555518075,673888555518107,673888555518375,673888555518801,673888555518802,673888555518804,673888555518805,673888555518806,673888555518809
673888555518000,673888555518001,673888555518002,673888555518003,673888555518004,673888555518010,673888555518075,673888555518107,673888555518375,673888555518801,673888555518802,673888555518804,673888555518805,673888555518806,673888555518809
6738885555,673888555500000,673888555500001,673888555500002,673888555500003,673888555500004,673888555500005,673888555500008,673888555500009,673888555500010,673888555500016,673888555500085,673888555500138,673888555500139,673888555500204,673888555500210,673888555500364,673888555500365,673888555500366,673888555500367,673888555500368,673888555500800,673888555500801,673888555500802,673888555500803,673888555500804,673888555500881,673888555500882,673888555500905,673888555500906,673888555500907,673888555500908,673888555500909,673888555500910,6738887777,673888777700001,673888777700002,673888777700003,673888777700004,WizadEmail,Baiduri,SIMPUR,DSTCare
DSTCare
673888555523002,673888555523030,673888555523075,673888555523105,673888555523122,673888555523123,673888555523150,673888555523205,673888555523305,673888555523318,673888555523345,673888555523405,673888555523406,673888555523407,673888555523408,673888555523409,673888555523410,673888555523411,673888555523412,673888555523413,673888555523414,673888555523415,673888555523416,673888555523417,673888555523418,673888555523419,673888555523420,673888555523421,673888555523422,673888555523423,673888555523424,673888555523425,673888555523426,673888555523427,673888555523428,673888555523429,673888555523430,673888555523431,673888555523432,673888555523433,673888555523434,673888555523435,673888555523436,673888555523437,673888555523438,673888555523439,673888555523440,673888555523801,673888555523802,673888555523803,673888555523804,673888555523805,673888555523806,673888555523807,673888555523808,673888555523809,673888555523810,673888555523811,673888555523812,673888555523813,673888555523814,673888555523815,673888555523816,673888555523817,673888555523818,673888555523819,673888555523820,673888555523821,673888555523823,673888555523824,673888555523825,673888555523826
673888555542000
673888555534000,673888555534111,673888555534393,673888555534394,BIBD
673888555534000,673888555534111,673888555534393,673888555534394,BIBD
6738885555,673888555500000,673888555500001,673888555500002,673888555500003,673888555500004,673888555500005,673888555500008,673888555500009,673888555500010,673888555500016,673888555500085,673888555500138,673888555500139,673888555500204,673888555500210,673888555500364,673888555500365,673888555500366,673888555500367,673888555500368,673888555500800,673888555500801,673888555500802,673888555500803,673888555500804,673888555500881,673888555500882,673888555500905,673888555500906,673888555500907,673888555500908,673888555500909,673888555500910,6738887777,673888777700001,673888777700002,673888777700003,673888777700004,WizadEmail,Baiduri,SIMPUR
673888555535000
673888555542000,JPMC
673888555516000,673888555516001,673888555516002,673888555516003,673888555516004,673888555516005,673888555516006,673888555516007,673888555516008,673888555516009,673888555516010,673888555516011,673888555516017,673888555516018,673888555516019,673888555516021,673888555516022,673888555516101,673888555516125,673888555516161,673888555516410,673888555516411,673888555516420,673888555516421,673888555516430,673888555516431,673888555516511,673888555516701,673888555516708,673888555516709,673888555516710,673888555516711,673888555516801,673888555516802,673888555516803,673888555516804,673888555516805,673888555516806,673888555516807,673888555516808,673888555516809,673888555516810,673888555516811,673888555516812,673888555516816
6738885555,673888555500000,673888555500001,673888555500002,673888555500003,673888555500004,673888555500005,673888555500008,673888555500009,673888555500010,673888555500016,673888555500085,673888555500138,673888555500139,673888555500204,673888555500210,673888555500364,673888555500365,673888555500366,673888555500367,673888555500368,673888555500800,673888555500801,673888555500802,673888555500803,673888555500804,673888555500881,673888555500882,673888555500905,673888555500906,673888555500907,673888555500908,673888555500909,673888555500910,6738887777,673888777700001,673888777700002,673888777700003,673888777700004,WizadEmail,Baiduri,SIMPUR
673888555511000,673888555511001,673888555511002,673888555511003,673888555511005,673888555511035,673888555511040,673888555511053,673888555511054,673888555511055,673888555511056,673888555511057,673888555511058,673888555511059,673888555511060,673888555511061,673888555511062,673888555511063,673888555511064,673888555511067,673888555511068,673888555511101,673888555511206,673888555511207,673888555511208,673888555511209,673888555511210,673888555511211,673888555511225,673888555511342,673888555511345,673888555511367,673888555511368,673888555511384,673888555511410,673888555511411,673888555511420,673888555511421,673888555511430,673888555511431,673888555511505,673888555511506,673888555511507,673888555511508,673888555511511,673888555511512,673888555511520,673888555511601,673888555511602,673888555511605,673888555511701,673888555511702,673888555511703,673888555511704,673888555511706,673888555511707,673888555511801,673888555511802,673888555511803,673888555511804,673888555511805,673888555511806,673888555511807,673888555511809,673888555511813,673888555511814,673888555511817,673888555511901,673888555511905,673888555511906,673888555511907,673888555511908,673888555511909,BODYSHOP,673888555511604,673888555511606,673888555511473,673888555511006
BODYSHOP
673888555526002,673888555526003,673888555526005,673888555526150,673888555526210,673888555526211,673888555526212,673888555526213,673888555526275,673888555526341,673888555526350,673888555526361,673888555526367,673888555526410,673888555526602,673888555526603,673888555526702,673888555526000,673888555526801,673888555526805,673888555526809,673888555526813,673888555526817,673888555526821,673888555526825,673888555526829,673888555526833,673888555526837,673888555526841,673888555526845
6738887777
RIPAS
RIPAS
RIPAS
6738885555,673888555500000,673888555500001,673888555500002,673888555500003,673888555500004,673888555500005,673888555500008,673888555500009,673888555500010,673888555500016,673888555500085,673888555500138,673888555500139,673888555500204,673888555500210,673888555500364,673888555500365,673888555500366,673888555500367,673888555500368,673888555500800,673888555500801,673888555500802,673888555500803,673888555500804,673888555500881,673888555500882,673888555500905,673888555500906,673888555500907,673888555500908,673888555500909,673888555500910,6738887777,673888777700001,673888777700002,673888777700003,673888777700004,WizadEmail,Baiduri,SIMPUR
6738885555,673888555500000,673888555500001,673888555500002,673888555500003,673888555500004,673888555500005,673888555500008,673888555500009,673888555500010,673888555500016,673888555500085,673888555500138,673888555500139,673888555500204,673888555500210,673888555500364,673888555500365,673888555500366,673888555500367,673888555500368,673888555500800,673888555500801,673888555500802,673888555500803,673888555500804,673888555500881,673888555500882,673888555500905,673888555500906,673888555500907,673888555500908,673888555500909,673888555500910,6738887777,673888777700001,673888777700002,673888777700003,673888777700004,WizadEmail,Baiduri,SIMPUR
673888555541000,673888555541005,673888555541430,673888555541420,673888555541410,673888555541348,673888555541801,673888555541805,673888555541809,673888555541803,673888555541804,673888555541802,673888555541806,673888555541808,673888555541813,673888555541817,673888555541821,673888555541825,673888555541829,673888555541833
673888555540000,673888555540391,673888555540392,673888555540390,673888555540204,673888555540395,673888555540801,673888555540805,673888555540803,673888555540804,673888555540808
6738885555,673888555500000,673888555500001,673888555500002,673888555500003,673888555500004,673888555500005,673888555500008,673888555500009,673888555500010,673888555500016,673888555500085,673888555500138,673888555500139,673888555500204,673888555500210,673888555500364,673888555500365,673888555500366,673888555500367,673888555500368,673888555500800,673888555500801,673888555500802,673888555500803,673888555500804,673888555500881,673888555500882,673888555500905,673888555500906,673888555500907,673888555500908,673888555500909,673888555500910,6738887777,673888777700001,673888777700002,673888777700003,673888777700004,WizadEmail,Baiduri,SIMPUR
TAIB,673888555522025
TAIB,673888555522025
TAIB,673888555522025
673888555513000,673888555513002,673888555513003,673888555513005,673888555513006,673888555513010,673888555513060,673888555513075,673888555513080,673888555513101,673888555513102,673888555513110,673888555513115,673888555513120,673888555513121,673888555513130,673888555513205,673888555513207,673888555513210,673888555513211,673888555513212,673888555513213,673888555513214,673888555513215,673888555513240,673888555513275,673888555513300,673888555513301,673888555513302,673888555513305,673888555513317,673888555513318,673888555513346,673888555513347,673888555513348,673888555513364,673888555513365,673888555513366,673888555513367,673888555513368,673888555513369,673888555513370,673888555513371,673888555513372,673888555513373,673888555513410,673888555513500,673888555513506,673888555513602,673888555513603,673888555513604,673888555513701,673888555513702,673888555513703,673888555513704,673888555513801,673888555513802,673888555513803,673888555513804,673888555513805,673888555513806,673888555513807,673888555513809,673888555513810,673888555513811,673888555513815,673888555513816,673888555513817,673888555513606,673888555513607,673888555513605
39999
673888555519000,673888555519001,673888555519002,673888555519003,673888555519004,673888555519005,673888555519006,673888555519007,673888555519008,673888555519010,673888555519011,673888555519012,673888555519013,673888555519014,673888555519015,673888555519016,673888555519101,673888555519119,673888555519210,673888555519211,673888555519364,673888555519440,673888555519472,673888555519506,673888555519508,673888555519509,673888555519510,673888555519602,673888555519701,673888555519704,673888555519705,673888555519706,673888555519707,673888555519801,673888555519802,673888555519803,673888555519804,673888555519806,673888555519807,3GMedia,NBT,673888555519506
673888555528001,673888555528002,673888555528003,673888555528004,673888555528005,673888555528801,673888555528802,673888555528803,673888555528804
6738885555,673888555500000,673888555500001,673888555500002,673888555500003,673888555500004,673888555500005,673888555500008,673888555500009,673888555500010,673888555500016,673888555500085,673888555500138,673888555500139,673888555500204,673888555500210,673888555500364,673888555500365,673888555500366,673888555500367,673888555500368,673888555500800,673888555500801,673888555500802,673888555500803,673888555500804,673888555500881,673888555500882,673888555500905,673888555500906,673888555500907,673888555500908,673888555500909,673888555500910,6738887777,673888777700001,673888777700002,673888777700003,673888777700004,WizadEmail,Baiduri,SIMPUR
6738885555,673888555500000,673888555500001,673888555500002,673888555500003,673888555500004,673888555500005,673888555500008,673888555500009,673888555500010,673888555500016,673888555500085,673888555500138,673888555500139,673888555500204,673888555500210,673888555500364,673888555500365,673888555500366,673888555500367,673888555500368,673888555500800,673888555500801,673888555500802,673888555500803,673888555500804,673888555500881,673888555500882,673888555500905,673888555500906,673888555500907,673888555500908,673888555500909,673888555500910,6738887777,673888777700001,673888777700002,673888777700003,673888777700004,WizadEmail,Baiduri,SIMPUR
6738885555,673888555500000,673888555500001,673888555500002,673888555500003,673888555500004,673888555500005,673888555500008,673888555500009,673888555500010,673888555500016,673888555500085,673888555500138,673888555500139,673888555500204,673888555500210,673888555500364,673888555500365,673888555500366,673888555500367,673888555500368,673888555500800,673888555500801,673888555500802,673888555500803,673888555500804,673888555500881,673888555500882,673888555500905,673888555500906,673888555500907,673888555500908,673888555500909,673888555500910,6738887777,673888777700001,673888777700002,673888777700003,673888777700004,WizadEmail,Baiduri,SIMPUR
